#multi:
,hip,,knee,,ankle,,toe,,
t,x,y,x,y,x,y,x,y,
0.000000E0,1.239783E-1,1.246635E0,1.733429E-1,7.105964E-1,1.481235E-1,1.941168E-1,3.757502E-1,1.049218E-1
8.159435E-3,1.235249E-1,1.246265E0,1.744923E-1,7.103310E-1,1.460789E-1,1.937122E-1,3.757603E-1,1.049136E-1
1.631887E-2,1.254523E-1,1.246486E0,1.758588E-1,7.106424E-1,1.480087E-1,1.941430E-1,3.758509E-1,1.047688E-1
2.447831E-2,1.256959E-1,1.245989E0,1.755331E-1,7.112029E-1,1.479104E-1,1.942459E-1,3.758626E-1,1.046814E-1
3.263774E-2,1.263104E-1,1.246008E0,1.773919E-1,7.111563E-1,1.460533E-1,1.936777E-1,3.757635E-1,1.048198E-1
4.079718E-2,1.273164E-1,1.246537E0,1.775381E-1,7.106189E-1,1.477710E-1,1.941665E-1,3.755994E-1,1.049065E-1
4.895661E-2,1.277016E-1,1.246201E0,1.764322E-1,7.097559E-1,1.476772E-1,1.941760E-1,3.754205E-1,1.051373E-1
5.711605E-2,1.292883E-1,1.246202E0,1.761086E-1,7.090013E-1,1.476725E-1,1.942221E-1,3.748232E-1,1.065876E-1
6.527548E-2,1.286547E-1,1.245496E0,1.764038E-1,7.090078E-1,1.458432E-1,1.937874E-1,3.741018E-1,1.068389E-1
7.343492E-2,1.303374E-1,1.244941E0,1.761697E-1,7.077872E-1,1.460476E-1,1.929445E-1,3.748154E-1,1.057932E-1
8.159435E-2,1.301627E-1,1.244957E0,1.772871E-1,7.081742E-1,1.471148E-1,1.928846E-1,3.737366E-1,1.072184E-1
8.975379E-2,1.313984E-1,1.244310E0,1.785880E-1,7.080657E-1,1.473091E-1,1.930736E-1,3.748234E-1,1.059252E-1
9.791322E-2,1.315277E-1,1.244532E0,1.775717E-1,7.068285E-1,1.473679E-1,1.928740E-1,3.747247E-1,1.058026E-1
1.060727E-1,1.329100E-1,1.243351E0,1.786437E-1,7.067462E-1,1.475900E-1,1.928433E-1,3.736705E-1,1.074604E-1
1.142321E-1,1.327167E-1,1.243372E0,1.805311E-1,7.058587E-1,1.475331E-1,1.926942E-1,3.735957E-1,1.073471E-1
1.223915E-1,1.352855E-1,1.241669E0,1.808987E-1,7.054734E-1,1.465368E-1,1.928021E-1,3.751122E-1,1.055929E-1
1.305510E-1,1.353487E-1,1.241734E0,1.800987E-1,7.033919E-1,1.462696E-1,1.925021E-1,3.748082E-1,1.061030E-1
1.387104E-1,1.358389E-1,1.240603E0,1.826762E-1,7.030892E-1,1.472185E-1,1.919337E-1,3.751898E-1,1.048672E-1
1.468698E-1,1.389259E-1,1.240046E0,1.832532E-1,7.021847E-1,1.464315E-1,1.912652E-1,3.754771E-1,1.053492E-1
1.550293E-1,1.398604E-1,1.239256E0,1.831466E-1,7.005533E-1,1.464564E-1,1.910436E-1,3.756231E-1,1.051819E-1
1.631887E-1,1.416438E-1,1.238218E0,1.856362E-1,7.000417E-1,1.482798E-1,1.917008E-1,3.723627E-1,9.996431E-2
1.713481E-1,1.413430E-1,1.237688E0,1.869692E-1,6.994600E-1,1.468529E-1,1.897026E-1,3.729424E-1,9.834326E-2
1.795076E-1,1.444173E-1,1.236820E0,1.871270E-1,6.978833E-1,1.480437E-1,1.896104E-1,3.722979E-1,9.988574E-2
1.876670E-1,1.441111E-1,1.236305E0,1.872343E-1,6.967376E-1,1.477528E-1,1.893079E-1,3.723213E-1,9.979887E-2
1.958264E-1,1.454276E-1,1.235394E0,1.887911E-1,6.961653E-1,1.475744E-1,1.889723E-1,3.725072E-1,9.949539E-2
2.039859E-1,1.473490E-1,1.235402E0,1.886217E-1,6.953097E-1,1.467303E-1,1.882759E-1,3.723567E-1,9.961717E-2
2.121453E-1,1.486225E-1,1.234238E0,1.914962E-1,6.955696E-1,1.464327E-1,1.877640E-1,3.725562E-1,9.939490E-2
2.203048E-1,1.518644E-1,1.233334E0,1.924672E-1,6.950825E-1,1.477838E-1,1.880851E-1,3.724778E-1,9.925374E-2
2.284642E-1,1.523296E-1,1.233045E0,1.932899E-1,6.946904E-1,1.474255E-1,1.878067E-1,3.728760E-1,9.853173E-2
2.366236E-1,1.564988E-1,1.232196E0,1.925257E-1,6.929968E-1,1.469190E-1,1.885390E-1,3.731355E-1,9.783187E-2
2.447831E-1,1.592179E-1,1.232104E0,1.943927E-1,6.920801E-1,1.466222E-1,1.880774E-1,3.723840E-1,9.859556E-2
2.529425E-1,1.624648E-1,1.231268E0,1.936637E-1,6.919930E-1,1.455283E-1,1.873848E-1,3.724262E-1,9.856878E-2
2.611019E-1,1.639383E-1,1.230674E0,1.972140E-1,6.915700E-1,1.482575E-1,1.890829E-1,3.726917E-1,9.821401E-2
2.692614E-1,1.665035E-1,1.230106E0,1.968224E-1,6.903604E-1,1.476048E-1,1.893855E-1,3.729262E-1,9.765879E-2
2.774208E-1,1.697299E-1,1.229503E0,1.978048E-1,6.915935E-1,1.488299E-1,1.888031E-1,3.732685E-1,9.694515E-2
2.855802E-1,1.728238E-1,1.228579E0,1.996951E-1,6.917784E-1,1.490064E-1,1.896749E-1,3.739430E-1,9.606234E-2
2.937397E-1,1.769033E-1,1.228019E0,2.014262E-1,6.918594E-1,1.480045E-1,1.881046E-1,3.735725E-1,9.637914E-2
3.018991E-1,1.794164E-1,1.227413E0,2.024534E-1,6.906695E-1,1.482502E-1,1.883440E-1,3.742502E-1,9.465781E-2
3.100585E-1,1.841390E-1,1.226795E0,2.064201E-1,6.914724E-1,1.489855E-1,1.888721E-1,3.738623E-1,9.533710E-2
3.182180E-1,1.879167E-1,1.226925E0,2.090585E-1,6.911900E-1,1.483858E-1,1.893553E-1,3.742933E-1,9.442994E-2
3.263774E-1,1.916885E-1,1.226301E0,2.109608E-1,6.903871E-1,1.495435E-1,1.903324E-1,3.745247E-1,9.456066E-2
3.345368E-1,1.955075E-1,1.225256E0,2.139809E-1,6.897378E-1,1.494411E-1,1.895965E-1,3.753478E-1,9.312901E-2
3.426963E-1,1.999851E-1,1.225117E0,2.184810E-1,6.897560E-1,1.516759E-1,1.914069E-1,3.745535E-1,9.419388E-2
3.508557E-1,2.050098E-1,1.224229E0,2.216240E-1,6.894103E-1,1.514399E-1,1.914887E-1,3.751432E-1,9.363178E-2
3.590152E-1,2.087782E-1,1.224041E0,2.262875E-1,6.897139E-1,1.516441E-1,1.927470E-1,3.757712E-1,9.195388E-2
3.671746E-1,2.134018E-1,1.223935E0,2.307630E-1,6.895737E-1,1.533707E-1,1.935101E-1,3.752430E-1,9.260681E-2
3.753340E-1,2.194983E-1,1.223195E0,2.351613E-1,6.895764E-1,1.533048E-1,1.955846E-1,3.754533E-1,9.220664E-2
3.834935E-1,2.237471E-1,1.222763E0,2.393778E-1,6.899220E-1,1.551525E-1,1.963598E-1,3.758654E-1,9.099537E-2
3.916529E-1,2.280629E-1,1.222891E0,2.437235E-1,6.900941E-1,1.549029E-1,1.985051E-1,3.763208E-1,9.131411E-2
3.998123E-1,2.344475E-1,1.222520E0,2.478329E-1,6.902744E-1,1.565638E-1,1.990737E-1,3.767775E-1,9.063458E-2
4.079718E-1,2.395854E-1,1.222731E0,2.523033E-1,6.904806E-1,1.567302E-1,2.015783E-1,3.762927E-1,9.143099E-2
4.161312E-1,2.445155E-1,1.222460E0,2.567619E-1,6.912278E-1,1.584709E-1,2.021015E-1,3.763498E-1,9.122467E-2
4.242906E-1,2.498191E-1,1.222836E0,2.610919E-1,6.916087E-1,1.592146E-1,2.031054E-1,3.765241E-1,9.093903E-2
4.324501E-1,2.557699E-1,1.222660E0,2.654974E-1,6.920600E-1,1.594184E-1,2.056852E-1,3.767831E-1,9.061953E-2
4.406095E-1,2.618516E-1,1.222932E0,2.694610E-1,6.926997E-1,1.609113E-1,2.061139E-1,3.768233E-1,9.035493E-2
4.487689E-1,2.682465E-1,1.223422E0,2.736804E-1,6.931600E-1,1.615424E-1,2.071053E-1,3.772213E-1,8.983875E-2
4.569284E-1,2.736391E-1,1.223686E0,2.778148E-1,6.934632E-1,1.618271E-1,2.097124E-1,3.771599E-1,8.919778E-2
4.650878E-1,2.807050E-1,1.223513E0,2.819488E-1,6.940173E-1,1.633596E-1,2.101002E-1,3.777803E-1,8.964220E-2
4.732472E-1,2.873309E-1,1.223745E0,2.863344E-1,6.944838E-1,1.637728E-1,2.127020E-1,3.767680E-1,8.965486E-2
4.814067E-1,2.943130E-1,1.223558E0,2.906095E-1,6.947616E-1,1.653092E-1,2.131440E-1,3.767477E-1,8.960000E-2
4.895661E-1,3.014256E-1,1.223369E0,2.950022E-1,6.949674E-1,1.654267E-1,2.139037E-1,3.767261E-1,8.958323E-2
4.977256E-1,3.080143E-1,1.223210E0,2.993531E-1,6.954140E-1,1.664623E-1,2.167410E-1,3.767439E-1,8.958735E-2
5.058850E-1,3.155814E-1,1.222715E0,3.036912E-1,6.955744E-1,1.678264E-1,2.171162E-1,3.767631E-1,8.951609E-2
5.140444E-1,3.233885E-1,1.222192E0,3.078295E-1,6.957138E-1,1.681181E-1,2.180211E-1,3.766924E-1,8.952755E-2
5.222039E-1,3.309563E-1,1.221540E0,3.122505E-1,6.956797E-1,1.694473E-1,2.199054E-1,3.767040E-1,8.939933E-2
5.303633E-1,3.391001E-1,1.220694E0,3.171059E-1,6.956208E-1,1.707005E-1,2.201544E-1,3.768283E-1,8.909098E-2
5.385227E-1,3.475233E-1,1.219442E0,3.216856E-1,6.955771E-1,1.711799E-1,2.210213E-1,3.771086E-1,8.857009E-2
5.466822E-1,3.561671E-1,1.218125E0,3.261928E-1,6.956744E-1,1.718762E-1,2.236100E-1,3.771753E-1,8.842575E-2
5.548416E-1,3.649367E-1,1.216696E0,3.312791E-1,6.954969E-1,1.731448E-1,2.240449E-1,3.771455E-1,8.824248E-2
5.630010E-1,3.736487E-1,1.215177E0,3.362266E-1,6.947626E-1,1.743385E-1,2.241718E-1,3.772172E-1,8.830139E-2
5.711605E-1,3.826900E-1,1.213791E0,3.415732E-1,6.944941E-1,1.748096E-1,2.266415E-1,3.772410E-1,8.804959E-2
5.793199E-1,3.920060E-1,1.212240E0,3.474333E-1,6.941050E-1,1.756124E-1,2.267769E-1,3.776890E-1,8.838110E-2
5.874793E-1,4.016660E-1,1.210638E0,3.535082E-1,6.932741E-1,1.766094E-1,2.294277E-1,3.777972E-1,8.821295E-2
5.956388E-1,4.111438E-1,1.209138E0,3.599995E-1,6.927186E-1,1.776535E-1,2.306323E-1,3.779693E-1,8.802527E-2
6.037982E-1,4.209021E-1,1.207680E0,3.669684E-1,6.917468E-1,1.787616E-1,2.319879E-1,3.781592E-1,8.787223E-2
6.119576E-1,4.314207E-1,1.205481E0,3.743288E-1,6.913482E-1,1.808605E-1,2.338644E-1,3.776982E-1,8.847978E-2
6.201171E-1,4.420811E-1,1.203749E0,3.823935E-1,6.903322E-1,1.822555E-1,2.349982E-1,3.776279E-1,8.852916E-2
6.282765E-1,4.531583E-1,1.202215E0,3.908288E-1,6.900225E-1,1.847952E-1,2.379100E-1,3.784133E-1,8.779007E-2
6.364360E-1,4.648658E-1,1.200748E0,3.995329E-1,6.890159E-1,1.868961E-1,2.403831E-1,3.778049E-1,8.842349E-2
6.445954E-1,4.767304E-1,1.199291E0,4.090481E-1,6.888164E-1,1.896795E-1,2.432288E-1,3.783296E-1,8.781345E-2
6.527548E-1,4.888464E-1,1.197895E0,4.190061E-1,6.887205E-1,1.932232E-1,2.463868E-1,3.779605E-1,8.797425E-2
6.609143E-1,5.012392E-1,1.196710E0,4.300237E-1,6.887283E-1,1.970687E-1,2.492360E-1,3.780860E-1,8.784708E-2
6.690737E-1,5.138121E-1,1.195705E0,4.412895E-1,6.887452E-1,2.012871E-1,2.533090E-1,3.781979E-1,8.765448E-2
6.772331E-1,5.266617E-1,1.195236E0,4.537769E-1,6.887844E-1,2.062694E-1,2.573323E-1,3.783476E-1,8.693916E-2
6.853926E-1,5.397373E-1,1.195130E0,4.675847E-1,6.888619E-1,2.118449E-1,2.615159E-1,3.783498E-1,8.680043E-2
6.935520E-1,5.531825E-1,1.195259E0,4.816214E-1,6.888808E-1,2.178642E-1,2.657784E-1,3.791182E-1,8.714793E-2
7.017114E-1,5.667138E-1,1.195646E0,4.969164E-1,6.889451E-1,2.248510E-1,2.700218E-1,3.793993E-1,8.685135E-2
7.098709E-1,5.810306E-1,1.196426E0,5.124775E-1,6.888959E-1,2.330253E-1,2.742257E-1,3.795503E-1,8.686260E-2
7.180303E-1,5.952799E-1,1.197038E0,5.304500E-1,6.889906E-1,2.414804E-1,2.796931E-1,3.793013E-1,8.648606E-2
7.261897E-1,6.100958E-1,1.198530E0,5.487363E-1,6.888474E-1,2.511347E-1,2.840137E-1,3.794449E-1,8.590237E-2
7.343492E-1,6.246761E-1,1.199759E0,5.681699E-1,6.877571E-1,2.609964E-1,2.895681E-1,3.794273E-1,8.571112E-2
7.425086E-1,6.395855E-1,1.201360E0,5.890785E-1,6.873836E-1,2.720543E-1,2.965010E-1,3.793769E-1,8.575704E-2
7.506680E-1,6.544835E-1,1.203597E0,6.099615E-1,6.860272E-1,2.833909E-1,3.034747E-1,3.793165E-1,8.589477E-2
7.588275E-1,6.689014E-1,1.205061E0,6.309900E-1,6.835338E-1,2.972657E-1,3.104793E-1,3.792895E-1,8.605150E-2
7.669869E-1,6.829906E-1,1.206526E0,6.532664E-1,6.818858E-1,3.126055E-1,3.174824E-1,3.793716E-1,8.730874E-2
7.751463E-1,6.967039E-1,1.208014E0,6.756692E-1,6.792708E-1,3.293435E-1,3.257972E-1,3.807370E-1,8.874935E-2
7.833058E-1,7.102925E-1,1.209164E0,6.992856E-1,6.776359E-1,3.474535E-1,3.328367E-1,3.835067E-1,9.023180E-2
7.914652E-1,7.233714E-1,1.209596E0,7.229856E-1,6.761912E-1,3.656749E-1,3.398226E-1,3.863334E-1,9.300826E-2
7.996247E-1,7.361658E-1,1.210391E0,7.467489E-1,6.737365E-1,3.864640E-1,3.481564E-1,3.784726E-1,9.996431E-2
8.077841E-1,7.487309E-1,1.210526E0,7.705388E-1,6.733700E-1,4.061149E-1,3.551906E-1,3.854402E-1,1.028046E-1
8.159435E-1,7.612416E-1,1.210541E0,7.943072E-1,6.721381E-1,4.270309E-1,3.634802E-1,3.980110E-1,1.028348E-1
8.241030E-1,7.735312E-1,1.210400E0,8.192296E-1,6.720907E-1,4.479600E-1,3.704983E-1,4.021888E-1,1.195071E-1
8.322624E-1,7.860051E-1,1.209456E0,8.429928E-1,6.721330E-1,4.701649E-1,3.775019E-1,4.105325E-1,1.250697E-1
8.404218E-1,7.983593E-1,1.209233E0,8.667398E-1,6.723719E-1,4.926399E-1,3.831317E-1,4.203199E-1,1.264767E-1
8.485813E-1,8.108017E-1,1.209076E0,8.904298E-1,6.735952E-1,5.161421E-1,3.886763E-1,4.343133E-1,1.306614E-1
8.567407E-1,8.226323E-1,1.209041E0,9.140944E-1,6.750320E-1,5.386501E-1,3.929320E-1,4.565827E-1,1.376328E-1
8.649001E-1,8.349021E-1,1.208097E0,9.365605E-1,6.775236E-1,5.611984E-1,3.982398E-1,4.775134E-1,1.376397E-1
8.730596E-1,8.471523E-1,1.207956E0,9.589880E-1,6.791839E-1,5.834645E-1,4.013537E-1,5.054732E-1,1.432244E-1
8.812190E-1,8.587643E-1,1.209072E0,9.812190E-1,6.818832E-1,6.068681E-1,4.053025E-1,5.361613E-1,1.418320E-1
8.893784E-1,8.702638E-1,1.209299E0,1.003383E0,6.846933E-1,6.294005E-1,4.069522E-1,5.696402E-1,1.446147E-1
8.975379E-1,8.823050E-1,1.209501E0,1.024453E0,6.876564E-1,6.529744E-1,4.082620E-1,6.031536E-1,1.404543E-1
9.056973E-1,8.936920E-1,1.210824E0,1.045435E0,6.914651E-1,6.765903E-1,4.082742E-1,6.420980E-1,1.333999E-1
9.138567E-1,9.050096E-1,1.212211E0,1.066272E0,6.946807E-1,7.004393E-1,4.069309E-1,6.785597E-1,1.320260E-1
9.220162E-1,9.161271E-1,1.213684E0,1.086090E0,6.987390E-1,7.242572E-1,4.052183E-1,7.120432E-1,1.293102E-1
9.301756E-1,9.270859E-1,1.216067E0,1.106636E0,7.028229E-1,7.480959E-1,4.012793E-1,7.482989E-1,1.251207E-1
9.383351E-1,9.382807E-1,1.217545E0,1.126207E0,7.069747E-1,7.729742E-1,3.969297E-1,7.846059E-1,1.222841E-1
9.464945E-1,9.495244E-1,1.219047E0,1.144614E0,7.110743E-1,7.969214E-1,3.914770E-1,8.207957E-1,1.167857E-1
9.546539E-1,9.606303E-1,1.220490E0,1.162762E0,7.152451E-1,8.218776E-1,3.855982E-1,8.571508E-1,1.138715E-1
9.628134E-1,9.719156E-1,1.221840E0,1.180848E0,7.183496E-1,8.470980E-1,3.787479E-1,8.961387E-1,1.084728E-1
9.709728E-1,9.829840E-1,1.223211E0,1.198707E0,7.222923E-1,8.722820E-1,3.717043E-1,9.296899E-1,1.042226E-1
9.791322E-1,9.942422E-1,1.224566E0,1.215551E0,7.253244E-1,8.987054E-1,3.636208E-1,9.659866E-1,1.000116E-1
9.872917E-1,1.005342E0,1.225908E0,1.231058E0,7.293203E-1,9.251451E-1,3.551043E-1,1.007813E0,9.433749E-2
9.954511E-1,1.016496E0,1.227273E0,1.246494E0,7.322310E-1,9.515056E-1,3.462030E-1,1.045473E0,8.884116E-2
1.003611E0,1.027538E0,1.228607E0,1.261737E0,7.350084E-1,9.783107E-1,3.369378E-1,1.081756E0,8.463269E-2
1.011770E0,1.038808E0,1.229043E0,1.275743E0,7.377734E-1,1.006096E0,3.269856E-1,1.126412E0,7.895406E-2
1.019929E0,1.049756E0,1.230195E0,1.289553E0,7.403846E-1,1.034166E0,3.162807E-1,1.162691E0,7.338293E-2
1.028089E0,1.060761E0,1.231442E0,1.302324E0,7.420954E-1,1.063193E0,3.048903E-1,1.200375E0,6.936325E-2
1.036248E0,1.071920E0,1.231753E0,1.314854E0,7.435013E-1,1.092505E0,2.936639E-1,1.240836E0,6.380438E-2
1.044408E0,1.082264E0,1.233080E0,1.327176E0,7.447936E-1,1.121835E0,2.825429E-1,1.281297E0,5.962218E-2
1.052567E0,1.093054E0,1.233193E0,1.338293E0,7.460542E-1,1.151412E0,2.714253E-1,1.316188E0,5.560298E-2
1.060727E0,1.103173E0,1.234287E0,1.348265E0,7.462675E-1,1.181942E0,2.601316E-1,1.356675E0,5.271048E-2
1.068886E0,1.113993E0,1.234271E0,1.357960E0,7.462120E-1,1.212622E0,2.489850E-1,1.408279E0,5.241002E-2
1.077045E0,1.124836E0,1.234267E0,1.366458E0,7.460563E-1,1.243407E0,2.379241E-1,1.444572E0,5.104997E-2
1.085205E0,1.135465E0,1.234524E0,1.374835E0,7.447739E-1,1.275362E0,2.266819E-1,1.485073E0,5.111963E-2
1.093364E0,1.146263E0,1.234154E0,1.381901E0,7.433395E-1,1.307490E0,2.155873E-1,1.526850E0,5.277012E-2
1.101524E0,1.156987E0,1.233888E0,1.389963E0,7.405064E-1,1.338159E0,2.071039E-1,1.567322E0,5.542512E-2
1.109683E0,1.168446E0,1.233229E0,1.395981E0,7.379722E-1,1.370370E0,1.975466E-1,1.603673E0,5.801740E-2
1.117843E0,1.179506E0,1.232525E0,1.402262E0,7.344640E-1,1.401034E0,1.905276E-1,1.644095E0,6.366457E-2
1.126002E0,1.190949E0,1.231666E0,1.408314E0,7.308300E-1,1.430396E0,1.848936E-1,1.684660E0,7.190721E-2
1.134162E0,1.201997E0,1.231055E0,1.413936E0,7.269463E-1,1.460998E0,1.793308E-1,1.720782E0,8.049526E-2
1.142321E0,1.213545E0,1.229933E0,1.419026E0,7.225139E-1,1.488856E0,1.764436E-1,1.752938E0,8.884431E-2
1.150480E0,1.225107E0,1.228388E0,1.423260E0,7.189712E-1,1.514051E0,1.750602E-1,1.782324E0,9.708984E-2
1.158640E0,1.237392E0,1.227628E0,1.427993E0,7.152833E-1,1.539148E0,1.736847E-1,1.814350E0,1.110292E-1
1.166799E0,1.249227E0,1.226084E0,1.432855E0,7.111213E-1,1.560127E0,1.737041E-1,1.835349E0,1.194205E-1
1.174959E0,1.261274E0,1.224697E0,1.437326E0,7.079667E-1,1.581037E0,1.723745E-1,1.856360E0,1.304844E-1
1.183118E0,1.273489E0,1.223637E0,1.442217E0,7.056507E-1,1.599159E0,1.723128E-1,1.873053E0,1.389831E-1
1.191278E0,1.285493E0,1.222029E0,1.447724E0,7.030101E-1,1.613117E0,1.722566E-1,1.886974E0,1.445633E-1
1.199437E0,1.297590E0,1.220893E0,1.454401E0,7.004086E-1,1.624330E0,1.709231E-1,1.897951E0,1.461514E-1
1.207596E0,1.309436E0,1.219842E0,1.461477E0,6.988107E-1,1.634122E0,1.682632E-1,1.906237E0,1.451174E-1
1.215756E0,1.321480E0,1.218838E0,1.469998E0,6.975269E-1,1.639616E0,1.666088E-1,1.912155E0,1.416329E-1
1.223915E0,1.333572E0,1.218762E0,1.479667E0,6.963536E-1,1.642553E0,1.639822E-1,1.915005E0,1.360223E-1
1.232075E0,1.345966E0,1.217971E0,1.489540E0,6.958776E-1,1.643888E0,1.611537E-1,1.916144E0,1.280530E-1
1.240234E0,1.358118E0,1.217491E0,1.501277E0,6.943822E-1,1.646558E0,1.583966E-1,1.917532E0,1.197560E-1
1.248394E0,1.370774E0,1.217362E0,1.512833E0,6.935825E-1,1.650582E0,1.580285E-1,1.920409E0,1.113015E-1
1.256553E0,1.383530E0,1.217465E0,1.524053E0,6.930082E-1,1.655071E0,1.583908E-1,1.923241E0,1.027005E-1
1.264712E0,1.396408E0,1.217817E0,1.536193E0,6.926966E-1,1.659001E0,1.581111E-1,1.924571E0,9.456660E-2
1.272872E0,1.409463E0,1.218796E0,1.547938E0,6.928897E-1,1.661844E0,1.581446E-1,1.928744E0,8.882259E-2
1.281031E0,1.422321E0,1.220181E0,1.560107E0,6.929242E-1,1.664699E0,1.582731E-1,1.928764E0,8.344107E-2
1.289191E0,1.435159E0,1.222014E0,1.571542E0,6.942401E-1,1.667598E0,1.584627E-1,1.931449E0,8.041609E-2
1.297350E0,1.447465E0,1.224515E0,1.582973E0,6.957386E-1,1.670227E0,1.583729E-1,1.931575E0,7.623453E-2
1.305510E0,1.459965E0,1.227272E0,1.594818E0,6.969636E-1,1.672795E0,1.581950E-1,1.931630E0,7.337807E-2
1.313669E0,1.471845E0,1.230235E0,1.606017E0,6.987124E-1,1.674704E0,1.585896E-1,1.934298E0,7.195378E-2
1.321829E0,1.483976E0,1.232984E0,1.616172E0,7.009897E-1,1.676327E0,1.587850E-1,1.932969E0,6.951385E-2
1.329988E0,1.496027E0,1.235634E0,1.627167E0,7.019488E-1,1.678319E0,1.583160E-1,1.931649E0,6.778244E-2
1.338147E0,1.508010E0,1.238336E0,1.636633E0,7.029357E-1,1.680017E0,1.585439E-1,1.934278E0,6.788251E-2
1.346307E0,1.520250E0,1.240141E0,1.645518E0,7.037525E-1,1.681533E0,1.585881E-1,1.934413E0,6.609642E-2
1.354466E0,1.532409E0,1.242413E0,1.654149E0,7.039692E-1,1.682457E0,1.582553E-1,1.934418E0,6.492231E-2
1.362626E0,1.544816E0,1.243931E0,1.662003E0,7.037691E-1,1.683332E0,1.587412E-1,1.935708E0,6.508993E-2
1.370785E0,1.557315E0,1.245452E0,1.669462E0,7.032589E-1,1.683884E0,1.581665E-1,1.934348E0,6.396707E-2
1.378945E0,1.569973E0,1.247004E0,1.675817E0,7.028745E-1,1.684313E0,1.584240E-1,1.934423E0,6.374511E-2
1.387104E0,1.582670E0,1.248471E0,1.682233E0,7.027660E-1,1.684782E0,1.587752E-1,1.935815E0,6.349125E-2
1.395263E0,1.595588E0,1.250121E0,1.688196E0,7.024907E-1,1.684877E0,1.587248E-1,1.935865E0,6.328981E-2
1.403423E0,1.608169E0,1.252207E0,1.694319E0,7.018796E-1,1.684858E0,1.587412E-1,1.934374E0,6.272744E-2
1.411582E0,1.621054E0,1.253945E0,1.699933E0,7.015607E-1,1.684873E0,1.587231E-1,1.935637E0,6.274927E-2
1.419742E0,1.633560E0,1.255480E0,1.705647E0,7.014317E-1,1.685026E0,1.580826E-1,1.935635E0,6.244540E-2
1.427901E0,1.646143E0,1.256907E0,1.711316E0,7.014099E-1,1.685573E0,1.585002E-1,1.935796E0,6.212491E-2
1.436061E0,1.658549E0,1.258274E0,1.716925E0,7.013320E-1,1.686011E0,1.586877E-1,1.935882E0,6.192475E-2
1.444220E0,1.670797E0,1.259617E0,1.722423E0,7.012787E-1,1.685993E0,1.586199E-1,1.937091E0,6.190458E-2
1.452379E0,1.682918E0,1.260745E0,1.727909E0,7.002379E-1,1.686348E0,1.589259E-1,1.937047E0,6.204268E-2
1.460539E0,1.694972E0,1.262235E0,1.733186E0,6.999584E-1,1.685455E0,1.593109E-1,1.935756E0,6.119628E-2
1.468698E0,1.706747E0,1.262556E0,1.738670E0,6.989475E-1,1.685757E0,1.595599E-1,1.935869E0,6.081464E-2
1.476858E0,1.718289E0,1.263689E0,1.743356E0,6.986107E-1,1.686131E0,1.599635E-1,1.935921E0,6.027693E-2
1.485017E0,1.729512E0,1.263933E0,1.748493E0,6.983972E-1,1.686381E0,1.602524E-1,1.937078E0,6.058574E-2
1.493177E0,1.740618E0,1.265054E0,1.753310E0,6.973862E-1,1.686379E0,1.593245E-1,1.935681E0,5.994815E-2
1.501336E0,1.751697E0,1.265204E0,1.758415E0,6.971870E-1,1.686552E0,1.595186E-1,1.935748E0,5.973785E-2
1.509496E0,1.762707E0,1.266314E0,1.763823E0,6.970571E-1,1.687309E0,1.601055E-1,1.935841E0,5.919881E-2
1.517655E0,1.773782E0,1.266357E0,1.769318E0,6.961490E-1,1.686750E0,1.607121E-1,1.937005E0,5.955906E-2
1.525814E0,1.784152E0,1.266545E0,1.774858E0,6.959659E-1,1.687282E0,1.612371E-1,1.937106E0,5.897083E-2
1.533974E0,1.795021E0,1.266570E0,1.780485E0,6.957808E-1,1.687684E0,1.606619E-1,1.935708E0,5.850552E-2
1.542133E0,1.805209E0,1.266491E0,1.786219E0,6.956468E-1,1.688140E0,1.611268E-1,1.935647E0,5.832433E-2
1.550293E0,1.815806E0,1.266417E0,1.791882E0,6.946578E-1,1.688956E0,1.616777E-1,1.937043E0,5.818355E-2
1.558452E0,1.825944E0,1.266333E0,1.797745E0,6.943483E-1,1.688387E0,1.623122E-1,1.937152E0,5.783545E-2
1.566612E0,1.836576E0,1.265259E0,1.803431E0,6.932731E-1,1.689182E0,1.630856E-1,1.937270E0,5.757714E-2
1.574771E0,1.846682E0,1.265067E0,1.809831E0,6.930642E-1,1.689601E0,1.625522E-1,1.937229E0,5.766168E-2
1.582930E0,1.856764E0,1.264938E0,1.815955E0,6.919494E-1,1.689395E0,1.634252E-1,1.938589E0,5.768627E-2
1.591090E0,1.867288E0,1.263823E0,1.822363E0,6.915576E-1,1.690412E0,1.643052E-1,1.938595E0,5.768809E-2
1.599249E0,1.877374E0,1.263616E0,1.828443E0,6.905164E-1,1.690876E0,1.639379E-1,1.937173E0,5.700841E-2
1.607409E0,1.887512E0,1.262506E0,1.834811E0,6.902860E-1,1.691779E0,1.646176E-1,1.938476E0,5.689490E-2
1.615568E0,1.897952E0,1.262212E0,1.840672E0,6.892141E-1,1.691794E0,1.656831E-1,1.938455E0,5.704453E-2
1.623728E0,1.908262E0,1.261138E0,1.846425E0,6.888732E-1,1.691996E0,1.650080E-1,1.938636E0,5.635747E-2
1.631887E0,1.918814E0,1.260803E0,1.852212E0,6.885719E-1,1.692148E0,1.662097E-1,1.938665E0,5.630881E-2
1.640046E0,1.929229E0,1.259750E0,1.857522E0,6.876839E-1,1.693299E0,1.671850E-1,1.938496E0,5.569966E-2
1.648206E0,1.939911E0,1.259418E0,1.863168E0,6.872619E-1,1.693475E0,1.666314E-1,1.938397E0,5.591292E-2
1.656365E0,1.950273E0,1.259266E0,1.868550E0,6.862951E-1,1.693523E0,1.676499E-1,1.938555E0,5.562196E-2
1.664525E0,1.961197E0,1.258256E0,1.874082E0,6.860578E-1,1.693634E0,1.690303E-1,1.938723E0,5.473245E-2
1.672684E0,1.971969E0,1.257917E0,1.879687E0,6.859034E-1,1.695399E0,1.684691E-1,1.938749E0,5.514295E-2
1.680844E0,1.983071E0,1.256790E0,1.884304E0,6.847782E-1,1.695536E0,1.696216E-1,1.939830E0,5.522696E-2
1.689003E0,1.993353E0,1.256572E0,1.889845E0,6.845445E-1,1.695537E0,1.708364E-1,1.939863E0,5.480756E-2
1.697163E0,2.004345E0,1.255388E0,1.895087E0,6.835774E-1,1.696119E0,1.705871E-1,1.938656E0,5.413054E-2
1.705322E0,2.015396E0,1.254151E0,1.900605E0,6.834227E-1,1.696266E0,1.718925E-1,1.938624E0,5.399153E-2
1.713481E0,2.026431E0,1.253779E0,1.906362E0,6.831777E-1,1.696595E0,1.733442E-1,1.939848E0,5.363254E-2
1.721641E0,2.037541E0,1.252570E0,1.912103E0,6.830427E-1,1.697520E0,1.733255E-1,1.939886E0,5.379796E-2
1.729800E0,2.048731E0,1.251280E0,1.917562E0,6.820756E-1,1.697762E0,1.747647E-1,1.940005E0,5.356515E-2
1.737960E0,2.059807E0,1.249910E0,1.924263E0,6.820645E-1,1.698520E0,1.765503E-1,1.940097E0,5.338184E-2
1.746119E0,2.071002E0,1.248513E0,1.930331E0,6.816696E-1,1.699673E0,1.766865E-1,1.941214E0,5.368738E-2
1.754279E0,2.082225E0,1.248197E0,1.937166E0,6.816607E-1,1.699649E0,1.791307E-1,1.941305E0,5.358439E-2
1.762438E0,2.093481E0,1.246821E0,1.943896E0,6.807136E-1,1.700931E0,1.792636E-1,1.939933E0,5.269856E-2
1.770597E0,2.104679E0,1.245423E0,1.951151E0,6.804085E-1,1.702622E0,1.796744E-1,1.940069E0,5.253279E-2
1.778757E0,2.115987E0,1.244076E0,1.958023E0,6.793305E-1,1.702859E0,1.822513E-1,1.939999E0,5.240328E-2
1.786916E0,2.127284E0,1.242662E0,1.966305E0,6.790956E-1,1.703781E0,1.833767E-1,1.940073E0,5.206232E-2
1.795076E0,2.138635E0,1.241338E0,1.974770E0,6.788338E-1,1.704933E0,1.846190E-1,1.940110E0,5.199541E-2
1.803235E0,2.150704E0,1.239841E0,1.983143E0,6.778097E-1,1.706433E0,1.861435E-1,1.941210E0,5.249077E-2
1.811395E0,2.162266E0,1.238457E0,1.991723E0,6.763878E-1,1.708050E0,1.876523E-1,1.941379E0,5.205772E-2
1.819554E0,2.174387E0,1.237008E0,2.002426E0,6.762418E-1,1.709775E0,1.892210E-1,1.941358E0,5.229104E-2
1.827713E0,2.186084E0,1.234557E0,2.012406E0,6.748220E-1,1.712052E0,1.892284E-1,1.941365E0,5.230123E-2
1.835873E0,2.198566E0,1.233067E0,2.022428E0,6.733563E-1,1.713757E0,1.919299E-1,1.941469E0,5.194842E-2
1.844032E0,2.211990E0,1.231499E0,2.033555E0,6.720280E-1,1.716101E0,1.932635E-1,1.941408E0,5.206205E-2
1.852192E0,2.224905E0,1.228977E0,2.044713E0,6.706178E-1,1.718964E0,1.947732E-1,1.942706E0,5.220417E-2
1.860351E0,2.238693E0,1.227466E0,2.057096E0,6.693310E-1,1.721691E0,1.974663E-1,1.942662E0,5.249619E-2
1.868511E0,2.252572E0,1.225921E0,2.069487E0,6.680498E-1,1.724782E0,2.002761E-1,1.942790E0,5.224109E-2
1.876670E0,2.266740E0,1.224500E0,2.082082E0,6.667262E-1,1.728522E0,2.029897E-1,1.942792E0,5.191130E-2
1.884830E0,2.280851E0,1.223088E0,2.094812E0,6.653295E-1,1.732867E0,2.058803E-1,1.941341E0,5.135167E-2
1.892989E0,2.294885E0,1.221838E0,2.108716E0,6.651610E-1,1.737351E0,2.099828E-1,1.941479E0,5.111917E-2
1.901148E0,2.309946E0,1.220614E0,2.123992E0,6.650920E-1,1.742993E0,2.128706E-1,1.941380E0,5.104669E-2
1.909308E0,2.325009E0,1.220473E0,2.139284E0,6.640357E-1,1.748723E0,2.170028E-1,1.942522E0,5.105993E-2
1.917467E0,2.339333E0,1.220424E0,2.156062E0,6.638883E-1,1.756752E0,2.211538E-1,1.942602E0,5.110456E-2
1.925627E0,2.353517E0,1.220491E0,2.174137E0,6.638478E-1,1.765327E0,2.253605E-1,1.941330E0,5.010967E-2
1.933786E0,2.368544E0,1.220588E0,2.193723E0,6.637109E-1,1.776231E0,2.295580E-1,1.941402E0,4.953925E-2
1.941946E0,2.383611E0,1.221829E0,2.214668E0,6.624419E-1,1.787549E0,2.337525E-1,1.942625E0,4.969664E-2
1.950105E0,2.397943E0,1.223110E0,2.237068E0,6.609901E-1,1.800196E0,2.379281E-1,1.939992E0,4.843481E-2
1.958264E0,2.412085E0,1.224510E0,2.260796E0,6.595727E-1,1.814124E0,2.421492E-1,1.941309E0,4.845044E-2
1.966424E0,2.426033E0,1.225922E0,2.285927E0,6.581177E-1,1.829416E0,2.477443E-1,1.942657E0,4.828360E-2
1.974583E0,2.439933E0,1.227310E0,2.312428E0,6.554002E-1,1.846093E0,2.547110E-1,1.942701E0,4.860309E-2
